y1_list:
0.0
0.6
1.5
2.076923076923077
2.4
2.586206896551724
2.7
2.7735849056603774
2.823529411764706
2.8588235294117648
2.8846153846153846
2.904
2.918918918918919

y2_list:
1.0
1.2852547146273252
1.3247948284909217
1.2988342687413499
1.2630876156499637
1.2301743566012604
1.2021015315568206
1.1784691229636712
1.1584646347887344
1.1413350828466813
1.1264740419594805
1.113413621453237
1.1017980322253695

Sorted result list:
0.0
0.7711528287763951
1.9871922427363824
2.697578865847419
3.031410277559913
3.1814854050032597
3.2160591210902676
3.2333531567002005
3.2456741352034157
3.249444351806194
3.262875589785218
3.268584171238862
3.2709589688152505

Minimum value in sorted result list: 0.0
